# i 	s 	L 		u 	S 	I 	
1000 	1 	nan 	0 	0 	1 	
1000 	1 	nan 	0 	0 	1 	
1000 	1 	nan 	0 	0 	1 	
1000 	1 	nan 	0 	0 	1 	
1000 	2 	0.0 	0 	0 	1 	
1000 	2 	0.0 	0 	0 	1 	
1000 	2 	0.0 	0 	0 	1 	
1000 	3 	0.001563 	0 	0 	1 	
1000 	3 	0.01315 	0 	0 	1 	
1000 	3 	0.085671 	0 	0 	1 	
1000 	4 	0.078817 	0 	0 	1 	
1000 	4 	0.08122 	0 	0 	1 	
1000 	4 	0.015995 	0 	0 	1 	
1000 	4 	0.05888 	0 	0 	3 	
1000 	5 	0.084997 	0 	0 	1 	
1000 	5 	0.060521 	0 	0 	4 	
1000 	5 	0.084439 	1000 	0 	2 	
1000 	6 	0.090815 	0 	0 	6 	
1000 	6 	0.096162 	0 	0 	14 	
1000 	6 	0.083981 	0 	0 	8 	
1000 	7 	0.057515 	0 	0 	1 	
1000 	7 	0.062495 	0 	0 	2 	
1000 	7 	0.052934 	0 	0 	2 	
1000 	7 	0.088955 	0 	0 	2 	
1000 	8 	0.096978 	0 	0 	5 	
1000 	8 	0.058681 	0 	0 	2 	
1000 	8 	0.092774 	0 	0 	5 	
1000 	9 	0.088533 	0 	0 	3 	
1000 	9 	0.083737 	0 	0 	3 	
1000 	9 	0.099764 	1000 	0 	6 	
1000 	10 	0.053941 	0 	0 	4 	
1000 	10 	0.081646 	0 	0 	3 	
1000 	10 	0.087911 	1000 	0 	7 	
1000 	10 	0.090824 	0 	0 	3 	
1000 	11 	0.076037 	0 	0 	4 	
1000 	11 	0.071427 	0 	0 	2 	
1000 	11 	0.088124 	0 	0 	6 	
1000 	12 	0.08653 	0 	0 	6 	
1000 	12 	0.092267 	0 	0 	2 	
1000 	12 	0.095985 	0 	0 	5 	
1000 	13 	0.093568 	0 	0 	6 	
1000 	13 	0.093883 	999 	0 	8 	
1000 	13 	0.078383 	0 	0 	3 	
1000 	13 	0.085023 	1000 	0 	4 	
1000 	14 	0.074078 	1000 	0 	7 	
1000 	14 	0.094799 	1000 	0 	8 	
1000 	14 	0.085646 	999 	0 	5 	
1000 	15 	0.096758 	1000 	0 	3 	
1000 	15 	0.089941 	0 	0 	6 	
1000 	15 	0.09623 	0 	0 	5 	
1000 	16 	0.099735 	1000 	0 	10 	
1000 	16 	0.090353 	0 	0 	7 	
1000 	16 	0.097595 	1000 	0 	10 	
1000 	16 	0.097636 	2000 	0 	28 	
1000 	17 	0.097146 	0 	0 	5 	
1000 	17 	0.092447 	1000 	0 	4 	
1000 	17 	0.094593 	0 	0 	3 	
1000 	18 	0.07904 	1000 	0 	6 	
1000 	18 	0.095413 	0 	0 	3 	
1000 	18 	0.070724 	999 	0 	10 	
1000 	19 	0.095889 	1000 	0 	10 	
1000 	19 	0.098189 	1000 	0 	19 	
1000 	19 	0.093143 	999 	0 	5 	
1000 	19 	0.088809 	0 	0 	6 	
1000 	20 	0.079911 	0 	0 	3 	
1000 	20 	0.095845 	1000 	0 	11 	
1000 	20 	0.090014 	1000 	0 	12 	
1000 	21 	0.096599 	999 	0 	7 	
1000 	21 	0.098859 	0 	0 	7 	
1000 	21 	0.0956 	1000 	0 	7 	
1000 	22 	0.097779 	0 	0 	3 	
1000 	22 	0.08956 	1000 	0 	7 	
1000 	22 	0.095552 	999 	0 	13 	
1000 	22 	0.099977 	1000 	0 	8 	
1000 	23 	0.095385 	1000 	1000 	17 	
1000 	23 	0.092511 	1000 	0 	3 	
1000 	23 	0.096952 	0 	0 	5 	
1000 	24 	0.097043 	1000 	0 	8 	
1000 	24 	0.090141 	2000 	0 	11 	
1000 	24 	0.097641 	1000 	0 	11 	
1000 	25 	0.097779 	1000 	0 	7 	
1000 	25 	0.087658 	1000 	0 	7 	
1000 	25 	0.099117 	1000 	0 	7 	
1000 	25 	0.099705 	1000 	0 	9 	
1000 	26 	0.099232 	999 	0 	9 	
1000 	26 	0.085827 	1000 	0 	9 	
1000 	26 	0.090966 	1000 	0 	9 	
1000 	27 	0.097666 	2000 	0 	11 	
1000 	27 	0.088743 	1000 	0 	4 	
1000 	27 	0.09949 	1000 	0 	10 	
1000 	28 	0.090795 	1000 	0 	4 	
1000 	28 	0.091511 	999 	0 	6 	
1000 	28 	0.098408 	2000 	0 	14 	
1000 	28 	0.090308 	999 	0 	5 	
1000 	29 	0.091776 	2999 	0 	18 	
1000 	29 	0.098237 	1000 	0 	7 	
1000 	29 	0.087127 	999 	0 	7 	
1000 	30 	0.097216 	3000 	0 	13 	
1000 	30 	0.098739 	3000 	0 	14 	
1000 	30 	0.098301 	2000 	0 	11 	
1000 	31 	0.096756 	4999 	0 	23 	
1000 	31 	0.095074 	5000 	0 	21 	
1000 	31 	0.097972 	1000 	0 	9 	
1000 	31 	0.097363 	2000 	1000 	10 	
1000 	32 	0.096936 	5000 	0 	23 	
1000 	32 	0.086986 	2000 	0 	9 	
1000 	32 	0.085791 	1000 	0 	4 	
1000 	33 	0.091038 	2000 	0 	5 	
1000 	33 	0.096118 	3000 	0 	10 	
1000 	33 	0.097034 	3000 	0 	12 	
1000 	34 	0.091724 	2000 	0 	7 	
1000 	34 	0.08799 	2000 	0 	8 	
1000 	34 	0.099013 	6999 	0 	32 	
1000 	34 	0.097508 	2000 	0 	8 	
1000 	35 	0.094889 	2000 	0 	9 	
1000 	35 	0.0989 	2000 	0 	7 	
1000 	35 	0.091492 	2000 	0 	9 	
1000 	36 	0.097277 	3000 	0 	12 	
1000 	36 	0.095455 	4999 	0 	18 	
1000 	36 	0.092109 	3000 	0 	10 	
1000 	37 	0.09054 	3000 	0 	8 	
1000 	37 	0.094692 	3000 	0 	10 	
1000 	37 	0.097776 	2000 	0 	5 	
1000 	37 	0.095753 	2000 	0 	7 	
1000 	38 	0.09985 	4999 	0 	15 	
1000 	38 	0.099269 	3000 	1000 	10 	
1000 	38 	0.099866 	2000 	0 	5 	
1000 	39 	0.094157 	3000 	0 	9 	
1000 	39 	0.091984 	4000 	0 	12 	
1000 	39 	0.09152 	2000 	0 	5 	
1000 	40 	0.09873 	3000 	0 	7 	
1000 	40 	0.093975 	3999 	0 	11 	
1000 	40 	0.095697 	6999 	0 	19 	
1000 	40 	0.096495 	7999 	0 	22 	
1000 	41 	0.09833 	3999 	0 	13 	
1000 	41 	0.094653 	4000 	0 	10 	
1000 	41 	0.099265 	4000 	0 	11 	
1000 	42 	0.099901 	6999 	0 	19 	
1000 	42 	0.091247 	3000 	0 	7 	
1000 	42 	0.094057 	6999 	0 	18 	
1000 	43 	0.094972 	6999 	0 	17 	
1000 	43 	0.098729 	5999 	0 	15 	
1000 	43 	0.099528 	2000 	0 	6 	
1000 	43 	0.099719 	3000 	0 	8 	
1000 	44 	0.09549 	5999 	0 	13 	
1000 	44 	0.093918 	6999 	0 	17 	
1000 	44 	0.098916 	7999 	0 	18 	
1000 	45 	0.099802 	5999 	0 	15 	
1000 	45 	0.098555 	7999 	0 	20 	
1000 	45 	0.09376 	2000 	0 	4 	
1000 	46 	0.093414 	3999 	0 	8 	
1000 	46 	0.093672 	4999 	0 	11 	
1000 	46 	0.099897 	3999 	0 	8 	
1000 	46 	0.086226 	5999 	0 	12 	
1000 	47 	0.092782 	4999 	0 	10 	
1000 	47 	0.090714 	5000 	1000 	12 	
1000 	47 	0.097205 	9999 	0 	20 	
1000 	48 	0.093504 	5999 	0 	11 	
1000 	48 	0.09882 	5999 	0 	11 	
1000 	48 	0.089412 	9999 	0 	19 	
1000 	49 	0.098524 	4999 	0 	10 	
1000 	49 	0.093182 	3999 	0 	8 	
1000 	49 	0.092934 	1999 	0 	5 	
1000 	49 	0.093884 	5999 	0 	11 	
1000 	50 	0.09331 	6999 	0 	12 	
1000 	50 	0.096793 	5999 	0 	11 	
1000 	50 	0.097983 	9999 	0 	17 	
1000 	51 	0.094192 	8999 	0 	15 	
1000 	51 	0.094722 	5999 	0 	10 	
1000 	51 	0.085646 	5999 	0 	11 	
1000 	52 	0.096949 	7999 	0 	13 	
1000 	52 	0.092496 	6999 	0 	12 	
1000 	52 	0.097731 	9998 	0 	16 	
1000 	52 	0.09981 	7999 	0 	13 	
1000 	53 	0.09271 	4999 	1000 	10 	
1000 	53 	0.096148 	6999 	0 	11 	
1000 	53 	0.085474 	5000 	0 	7 	
1000 	54 	0.090753 	7999 	0 	13 	
1000 	54 	0.096282 	5999 	0 	9 	
1000 	54 	0.091983 	7999 	0 	12 	
1000 	55 	0.090477 	5999 	0 	9 	
1000 	55 	0.080063 	3000 	0 	5 	
1000 	55 	0.089063 	3999 	1000 	7 	
1000 	55 	0.095741 	5999 	0 	10 	
1000 	56 	0.092229 	6999 	0 	11 	
1000 	56 	0.088807 	10998 	0 	17 	
1000 	56 	0.098684 	8999 	0 	12 	
1000 	57 	0.096954 	8999 	0 	13 	
1000 	57 	0.099587 	10998 	0 	15 	
1000 	57 	0.089054 	4999 	0 	8 	
1000 	58 	0.097279 	15998 	0 	22 	
1000 	58 	0.095097 	15998 	0 	23 	
1000 	58 	0.08635 	5999 	0 	8 	
1000 	58 	0.097628 	7999 	0 	10 	
1000 	59 	0.091193 	7999 	0 	10 	
1000 	59 	0.09248 	7999 	0 	10 	
1000 	59 	0.097428 	8999 	0 	13 	
1000 	60 	0.096428 	8999 	0 	11 	
1000 	60 	0.093529 	11998 	1000 	18 	
1000 	60 	0.086027 	7999 	0 	10 	
1000 	61 	0.097652 	15998 	0 	20 	
1000 	61 	0.098518 	7999 	0 	10 	
1000 	61 	0.098046 	7999 	0 	10 	
1000 	61 	0.095675 	10998 	0 	13 	
1000 	62 	0.09773 	11998 	0 	14 	
1000 	62 	0.091757 	14998 	0 	18 	
1000 	62 	0.097629 	10998 	0 	13 	
1000 	63 	0.090564 	8999 	0 	11 	
1000 	63 	0.096998 	17997 	0 	21 	
1000 	63 	0.096115 	7999 	0 	8 	
1000 	64 	0.094408 	10998 	0 	12 	
1000 	64 	0.097053 	7999 	0 	9 	
1000 	64 	0.095915 	12998 	0 	15 	
1000 	64 	0.096256 	11998 	0 	13 	
1000 	65 	0.094644 	16997 	0 	19 	
1000 	65 	0.09837 	8999 	0 	10 	
1000 	65 	0.098234 	11998 	0 	14 	
1000 	66 	0.095406 	10998 	0 	12 	
1000 	66 	0.099821 	18997 	0 	21 	
1000 	66 	0.09815 	18997 	0 	20 	
1000 	67 	0.098065 	11998 	0 	13 	
1000 	67 	0.099552 	19997 	1000 	21 	
1000 	67 	0.098557 	8999 	0 	9 	
1000 	67 	0.090505 	10998 	0 	11 	
1000 	68 	0.098245 	13998 	0 	14 	
1000 	68 	0.098246 	10998 	0 	11 	
1000 	68 	0.098537 	10998 	0 	11 	
1000 	69 	0.097522 	12998 	0 	12 	
1000 	69 	0.099237 	22996 	0 	22 	
1000 	69 	0.096016 	22996 	1000 	24 	
1000 	70 	0.096647 	10998 	0 	11 	
1000 	70 	0.090966 	11998 	0 	12 	
1000 	70 	0.093123 	20997 	1000 	21 	
1000 	70 	0.09751 	11998 	0 	11 	
1000 	71 	0.091011 	14998 	0 	14 	
1000 	71 	0.097827 	34995 	0 	33 	
1000 	71 	0.088953 	8999 	0 	8 	
1000 	72 	0.097655 	13998 	0 	12 	
1000 	72 	0.092673 	13998 	0 	12 	
1000 	72 	0.099674 	12998 	0 	11 	
1000 	73 	0.099164 	19997 	0 	18 	
1000 	73 	0.091256 	12998 	0 	11 	
1000 	73 	0.099791 	10998 	0 	9 	
1000 	73 	0.098076 	11998 	0 	10 	
1000 	74 	0.092896 	15997 	0 	13 	
1000 	74 	0.091129 	11998 	0 	10 	
1000 	74 	0.094227 	15997 	0 	14 	
1000 	75 	0.096565 	14997 	0 	12 	
1000 	75 	0.09125 	14997 	0 	13 	
1000 	75 	0.096978 	13998 	0 	12 	
1000 	76 	0.099867 	26996 	0 	22 	
1000 	76 	0.099903 	15997 	0 	13 	
1000 	76 	0.098106 	13998 	0 	11 	
1000 	76 	0.088204 	12998 	0 	10 	
1000 	77 	0.099842 	14997 	0 	12 	
1000 	77 	0.097217 	29995 	0 	24 	
1000 	77 	0.09933 	20996 	0 	17 	
1000 	78 	0.087234 	15997 	0 	12 	
1000 	78 	0.097674 	16997 	0 	13 	
1000 	78 	0.098948 	23996 	0 	19 	
1000 	79 	0.095547 	23996 	0 	18 	
1000 	79 	0.096464 	26995 	0 	21 	
1000 	79 	0.097583 	18997 	0 	14 	
1000 	79 	0.091922 	27995 	0 	21 	
1000 	80 	0.098297 	23996 	0 	18 	
1000 	80 	0.097702 	22996 	0 	17 	
1000 	80 	0.098452 	17997 	0 	13 	
1000 	81 	0.093141 	15997 	0 	11 	
1000 	81 	0.095308 	17997 	0 	12 	
1000 	81 	0.097608 	18997 	0 	14 	
1000 	82 	0.097546 	19997 	0 	14 	
1000 	82 	0.099586 	19997 	0 	14 	
1000 	82 	0.098384 	42993 	1000 	31 	
1000 	82 	0.092016 	23996 	0 	17 	
1000 	83 	0.096198 	22996 	0 	16 	
1000 	83 	0.094295 	13998 	0 	9 	
1000 	83 	0.095659 	19997 	0 	14 	
1000 	84 	0.092088 	20996 	0 	14 	
1000 	84 	0.099665 	32995 	0 	22 	
1000 	84 	0.094836 	17997 	0 	12 	
1000 	85 	0.097102 	16998 	0 	11 	
1000 	85 	0.097296 	18998 	0 	12 	
1000 	85 	0.095585 	21997 	0 	14 	
1000 	85 	0.096745 	21997 	1000 	15 	
1000 	86 	0.094757 	11998 	0 	7 	
1000 	86 	0.096926 	37994 	0 	24 	
1000 	86 	0.099823 	31995 	0 	20 	
1000 	87 	0.097683 	13998 	0 	8 	
1000 	87 	0.098763 	35994 	0 	22 	
1000 	87 	0.094145 	23996 	0 	15 	
1000 	88 	0.086007 	14998 	0 	9 	
1000 	88 	0.097593 	29996 	0 	18 	
1000 	88 	0.098428 	14997 	0 	9 	
1000 	88 	0.097304 	49992 	0 	31 	
1000 	89 	0.09861 	21997 	0 	13 	
1000 	89 	0.099741 	51993 	0 	31 	
1000 	89 	0.093576 	19997 	0 	12 	
1000 	90 	0.098116 	18997 	0 	11 	
1000 	90 	0.093639 	20997 	0 	12 	
1000 	90 	0.096123 	16998 	0 	10 	
1000 	91 	0.091368 	12998 	0 	7 	
1000 	91 	0.091819 	22997 	0 	13 	
1000 	91 	0.097743 	17997 	0 	10 	
1000 	91 	0.095609 	19997 	0 	11 	
1000 	92 	0.093795 	26996 	2000 	16 	
1000 	92 	0.099613 	10999 	0 	6 	
1000 	92 	0.089425 	21997 	0 	12 	
1000 	93 	0.093147 	34995 	0 	19 	
1000 	93 	0.095453 	25996 	0 	14 	
1000 	93 	0.095944 	44993 	1000 	25 	
1000 	94 	0.098742 	32995 	1000 	18 	
1000 	94 	0.095004 	35995 	0 	19 	
1000 	94 	0.097569 	21997 	1000 	12 	
1000 	94 	0.098601 	26996 	0 	14 	
1000 	95 	0.097771 	27995 	0 	15 	
1000 	95 	0.09851 	34995 	0 	18 	
1000 	95 	0.097403 	37995 	0 	20 	
1000 	96 	0.088466 	29996 	0 	15 	
1000 	96 	0.098953 	25996 	0 	13 	
1000 	96 	0.099487 	44994 	2000 	24 	
1000 	97 	0.092886 	45993 	0 	23 	
1000 	97 	0.097118 	27996 	0 	14 	
1000 	97 	0.092604 	35995 	0 	18 	
1000 	97 	0.098709 	39994 	0 	20 	
1000 	98 	0.095886 	31995 	0 	15 	
1000 	98 	0.096657 	43994 	0 	22 	
1000 	98 	0.098722 	28996 	0 	14 	
1000 	99 	0.090013 	21997 	0 	10 	
1000 	99 	0.09246 	24996 	0 	12 	
1000 	99 	0.099908 	28995 	0 	14 	
1000 	100 	0.087968 	27996 	0 	13 	
1000 	100 	0.09933 	14998 	1000 	7 	
1000 	100 	0.097192 	23997 	0 	11 	
1000 	100 	0.094999 	37995 	1000 	18 	
1000 	101 	0.097828 	27995 	0 	13 	
1000 	101 	0.099649 	28996 	0 	13 	
1000 	101 	0.09751 	19997 	0 	12 	
1000 	102 	0.090375 	15997 	0 	9 	
1000 	102 	0.092264 	23997 	0 	14 	
1000 	102 	0.093775 	22997 	0 	14 	
1000 	103 	0.094287 	30996 	0 	18 	
1000 	103 	0.095612 	25996 	0 	15 	
1000 	103 	0.098865 	30995 	0 	18 	
1000 	103 	0.094445 	20997 	0 	12 	
1000 	104 	0.097498 	32995 	0 	19 	
1000 	104 	0.090737 	22996 	0 	13 	
1000 	104 	0.099088 	47993 	1000 	21 	
1000 	105 	0.095223 	26996 	0 	11 	
1000 	105 	0.099852 	26996 	0 	11 	
1000 	105 	0.098069 	49993 	0 	21 	
1000 	106 	0.098321 	23996 	0 	10 	
1000 	106 	0.098822 	24996 	0 	10 	
1000 	106 	0.097591 	23997 	0 	10 	
1000 	106 	0.092454 	28996 	0 	12 	
1000 	107 	0.096675 	36995 	0 	15 	
1000 	107 	0.099646 	50992 	0 	21 	
1000 	107 	0.097589 	31995 	0 	13 	
1000 	108 	0.094287 	26996 	1000 	11 	
1000 	108 	0.099723 	36995 	0 	14 	
1000 	108 	0.089717 	24996 	0 	10 	
1000 	109 	0.094094 	35995 	0 	14 	
1000 	109 	0.094362 	54992 	0 	22 	
1000 	109 	0.090868 	27996 	0 	11 	
1000 	109 	0.099012 	65990 	0 	29 	
1000 	110 	0.091478 	33995 	1000 	15 	
1000 	110 	0.08927 	28996 	1000 	13 	
1000 	110 	0.099208 	50993 	0 	22 	
1000 	111 	0.099967 	46993 	0 	20 	
1000 	111 	0.093887 	27996 	0 	12 	
1000 	111 	0.091404 	23996 	0 	10 	
1000 	112 	0.093875 	42994 	0 	18 	
1000 	112 	0.099172 	31995 	0 	13 	
1000 	112 	0.099058 	52992 	0 	22 	
1000 	112 	0.092087 	28996 	0 	12 	
1000 	113 	0.099261 	46993 	0 	19 	
1000 	113 	0.095801 	46993 	0 	19 	
1000 	113 	0.099334 	75988 	0 	31 	
1000 	114 	0.096818 	44993 	0 	18 	
1000 	114 	0.097792 	42993 	0 	17 	
1000 	114 	0.099116 	36994 	0 	15 	
1000 	115 	0.091791 	35995 	0 	14 	
1000 	115 	0.088968 	30995 	0 	12 	
1000 	115 	0.099013 	37994 	0 	15 	
1000 	115 	0.096173 	27996 	0 	11 	
1000 	116 	0.098198 	40994 	999 	16 	
1000 	116 	0.090608 	36995 	0 	14 	
1000 	116 	0.097207 	65990 	1000 	26 	
1000 	117 	0.098827 	63990 	1000 	25 	
1000 	117 	0.095302 	34995 	0 	13 	
1000 	117 	0.09928 	100985 	1000 	35 	
1000 	118 	0.087613 	27996 	0 	9 	
1000 	118 	0.093306 	34994 	1000 	12 	
1000 	118 	0.097902 	35995 	0 	12 	
1000 	118 	0.095636 	69989 	0 	24 	
1000 	119 	0.097061 	36994 	0 	12 	
1000 	119 	0.098639 	65990 	0 	22 	
1000 	119 	0.098723 	54991 	0 	18 	
1000 	120 	0.097874 	37994 	0 	12 	
1000 	120 	0.094739 	37994 	0 	12 	
1000 	120 	0.093693 	46993 	0 	15 	
1000 	121 	0.095715 	59991 	0 	19 	
1000 	121 	0.095873 	36994 	0 	12 	
1000 	121 	0.097091 	55991 	0 	18 	
1000 	121 	0.099535 	67989 	0 	22 	
1000 	122 	0.093333 	53991 	0 	17 	
1000 	122 	0.097108 	70989 	999 	23 	
1000 	122 	0.09944 	50992 	0 	16 	
1000 	123 	0.087852 	67989 	0 	21 	
1000 	123 	0.095194 	75988 	0 	24 	
1000 	123 	0.098144 	44993 	0 	14 	
1000 	124 	0.0963 	36994 	0 	11 	
1000 	124 	0.090334 	41993 	0 	14 	
1000 	124 	0.090615 	41993 	0 	14 	
1000 	124 	0.096831 	41993 	0 	14 	
1000 	125 	0.099968 	41993 	0 	14 	
1000 	125 	0.09236 	41993 	0 	14 	
1000 	125 	0.096059 	61991 	0 	21 	
1000 	126 	0.096895 	33995 	0 	11 	
1000 	126 	0.098207 	48992 	0 	16 	
1000 	126 	0.095802 	41994 	1000 	14 	
1000 	127 	0.092626 	33995 	0 	11 	
1000 	127 	0.097682 	27995 	0 	9 	
1000 	127 	0.09438 	51992 	0 	17 	
1000 	127 	0.095378 	69989 	0 	23 	
1000 	128 	0.097624 	28995 	0 	9 	
1000 	128 	0.094368 	47993 	0 	15 	
1000 	128 	0.095085 	74989 	999 	24 	
1000 	129 	0.099626 	53991 	0 	17 	
1000 	129 	0.09837 	38994 	0 	12 	
1000 	129 	0.097769 	50992 	0 	16 	
1000 	130 	0.096733 	38994 	1000 	12 	
1000 	130 	0.092315 	48992 	0 	15 	
1000 	130 	0.084533 	29995 	0 	9 	
1000 	130 	0.097125 	67990 	0 	21 	
1000 	131 	0.097754 	61991 	0 	17 	
1000 	131 	0.096736 	54991 	0 	15 	
1000 	131 	0.098435 	40993 	0 	11 	
1000 	132 	0.093689 	63990 	0 	17 	
1000 	132 	0.091336 	52991 	0 	14 	
1000 	132 	0.096387 	62990 	1000 	17 	
1000 	133 	0.094585 	74989 	0 	20 	
1000 	133 	0.091013 	116982 	0 	31 	
1000 	133 	0.091338 	73988 	1000 	20 	
1000 	133 	0.097032 	68990 	0 	18 	
1000 	134 	0.094837 	53992 	0 	14 	
1000 	134 	0.088465 	55991 	2000 	15 	
1000 	134 	0.094356 	68990 	0 	18 	
1000 	135 	0.094313 	73989 	0 	19 	
1000 	135 	0.099382 	51992 	0 	13 	
1000 	135 	0.093841 	58991 	0 	15 	
1000 	136 	0.091075 	43994 	0 	11 	
1000 	136 	0.098011 	62991 	0 	16 	
1000 	136 	0.092738 	45993 	0 	12 	
1000 	136 	0.099196 	41994 	2000 	12 	
1000 	137 	0.091077 	39994 	0 	11 	
1000 	137 	0.089343 	42993 	1000 	12 	
1000 	137 	0.099768 	64990 	0 	18 	
1000 	138 	0.092559 	64990 	0 	18 	
1000 	138 	0.085052 	47993 	0 	13 	
1000 	138 	0.099112 	90987 	0 	25 	
1000 	139 	0.095245 	63990 	0 	17 	
1000 	139 	0.094757 	55991 	0 	15 	
1000 	139 	0.097845 	58991 	0 	16 	
1000 	139 	0.098854 	69989 	0 	19 	
1000 	140 	0.099451 	100984 	0 	27 	
1000 	140 	0.098728 	89986 	0 	24 	
1000 	140 	0.099241 	56992 	0 	15 	
1000 	141 	0.094819 	45993 	0 	12 	
1000 	141 	0.09733 	55991 	1000 	15 	
1000 	141 	0.099004 	72989 	0 	19 	
1000 	142 	0.099264 	97985 	0 	25 	
1000 	142 	0.091573 	58991 	0 	15 	
1000 	142 	0.096073 	88986 	0 	25 	
1000 	142 	0.09675 	39994 	0 	11 	
1000 	143 	0.098173 	33995 	0 	9 	
1000 	143 	0.094421 	66989 	1000 	19 	
1000 	143 	0.096274 	54992 	0 	15 	
1000 	144 	0.094005 	112982 	2000 	32 	
1000 	144 	0.097215 	56991 	1000 	16 	
1000 	144 	0.095205 	66989 	0 	18 	
1000 	145 	0.097473 	51992 	1000 	14 	
1000 	145 	0.091743 	69989 	0 	19 	
1000 	145 	0.099973 	59991 	0 	16 	
1000 	145 	0.095169 	79988 	0 	22 	
1000 	146 	0.093593 	63991 	0 	17 	
1000 	146 	0.097225 	54991 	2000 	15 	
1000 	146 	0.094131 	45993 	0 	12 	
1000 	147 	0.095747 	52992 	0 	14 	
1000 	147 	0.088079 	44993 	1000 	12 	
1000 	147 	0.093219 	63990 	0 	17 	
1000 	148 	0.096888 	61990 	1000 	17 	
1000 	148 	0.09997 	59991 	0 	17 	
1000 	148 	0.09176 	73989 	0 	21 	
1000 	148 	0.092105 	56992 	0 	16 	
1000 	149 	0.093665 	61991 	0 	17 	
1000 	149 	0.099911 	98985 	2000 	28 	
1000 	149 	0.099901 	54991 	0 	15 	
1000 	150 	0.092487 	54991 	0 	15 	
1000 	150 	0.099462 	68989 	0 	19 	
1000 	150 	0.093432 	89987 	0 	25 	
1000 	151 	0.096877 	69989 	0 	19 	
1000 	151 	0.099302 	76988 	0 	21 	
1000 	151 	0.094435 	58991 	0 	16 	
1000 	151 	0.099867 	54992 	1000 	15 	
1000 	152 	0.099802 	65990 	999 	18 	
1000 	152 	0.09503 	73988 	0 	20 	
1000 	152 	0.097305 	57991 	2000 	16 	
1000 	153 	0.097333 	61991 	1999 	17 	
1000 	153 	0.094262 	45993 	0 	12 	
1000 	153 	0.098019 	73989 	1000 	20 	
1000 	154 	0.098832 	67989 	0 	18 	
1000 	154 	0.098668 	64990 	0 	17 	
1000 	154 	0.098259 	59991 	999 	16 	
1000 	154 	0.097405 	104984 	0 	28 	
1000 	155 	0.096556 	57991 	0 	15 	
1000 	155 	0.090584 	58991 	0 	15 	
1000 	155 	0.098451 	46993 	0 	12 	
1000 	156 	0.096529 	53991 	0 	13 	
1000 	156 	0.091873 	79987 	0 	20 	
1000 	156 	0.091619 	64990 	0 	16 	
1000 	157 	0.095392 	62991 	1000 	16 	
1000 	157 	0.098484 	47993 	1000 	12 	
1000 	157 	0.097876 	82987 	1000 	21 	
1000 	157 	0.095122 	80988 	0 	20 	
1000 	158 	0.094311 	74989 	1000 	19 	
1000 	158 	0.094872 	41994 	0 	10 	
1000 	158 	0.099238 	40993 	0 	10 	
1000 	159 	0.095002 	67990 	0 	17 	
1000 	159 	0.095979 	87987 	0 	22 	
1000 	159 	0.094416 	64990 	0 	16 	
1000 	160 	0.095828 	86987 	0 	21 	
1000 	160 	0.098087 	86987 	3000 	22 	
1000 	160 	0.096366 	93986 	0 	23 	
1000 	160 	0.09901 	76989 	1000 	19 	
1000 	161 	0.093315 	69989 	1000 	17 	
1000 	161 	0.0998 	82987 	0 	20 	
1000 	161 	0.09205 	68990 	2000 	17 	
1000 	162 	0.09187 	75989 	0 	18 	
1000 	162 	0.096381 	67990 	0 	16 	
1000 	162 	0.091792 	42994 	0 	10 	
1000 	163 	0.093992 	63991 	0 	15 	
1000 	163 	0.09637 	64990 	0 	15 	
1000 	163 	0.093534 	59991 	0 	14 	
1000 	163 	0.093097 	67990 	0 	16 	
1000 	164 	0.089573 	42994 	2000 	10 	
1000 	164 	0.096721 	73989 	0 	17 	
1000 	164 	0.095576 	120981 	0 	28 	
1000 	165 	0.096074 	47993 	999 	11 	
1000 	165 	0.099826 	107984 	0 	25 	
1000 	165 	0.096165 	61991 	0 	14 	
1000 	166 	0.093937 	62990 	0 	14 	
1000 	166 	0.095565 	111983 	0 	25 	
1000 	166 	0.09715 	75989 	0 	17 	
1000 	166 	0.096332 	70990 	1000 	16 	
1000 	167 	0.093538 	67990 	0 	15 	
1000 	167 	0.095693 	75989 	0 	17 	
1000 	167 	0.09176 	62990 	0 	14 	
1000 	168 	0.095495 	55991 	0 	12 	
1000 	168 	0.096122 	85987 	2000 	19 	
1000 	168 	0.095057 	59991 	0 	13 	
1000 	169 	0.095395 	94986 	2000 	21 	
1000 	169 	0.099759 	106984 	1000 	22 	
1000 	169 	0.096045 	73989 	1000 	16 	
1000 	169 	0.090956 	60991 	0 	13 	
1000 	170 	0.097402 	96985 	0 	21 	
1000 	170 	0.094397 	64990 	0 	14 	
1000 	170 	0.0954 	112983 	2000 	25 	
1000 	171 	0.085577 	56991 	0 	12 	
1000 	171 	0.099864 	70989 	0 	15 	
1000 	171 	0.095184 	70989 	0 	15 	
1000 	172 	0.099996 	106984 	2000 	23 	
1000 	172 	0.095696 	127981 	0 	27 	
1000 	172 	0.094805 	122981 	0 	26 	
1000 	172 	0.097504 	90986 	0 	19 	
1000 	173 	0.099294 	84987 	1000 	18 	
1000 	173 	0.096155 	89986 	1000 	19 	
1000 	173 	0.099386 	118982 	0 	25 	
1000 	174 	0.090101 	54992 	0 	11 	
1000 	174 	0.094239 	87987 	0 	18 	
1000 	174 	0.098882 	63990 	1000 	13 	
1000 	175 	0.091952 	67990 	1000 	14 	
1000 	175 	0.098955 	106984 	1000 	22 	
1000 	175 	0.094227 	68989 	0 	14 	
1000 	175 	0.098821 	78988 	0 	16 	
1000 	176 	0.096977 	70989 	0 	14 	
1000 	176 	0.098227 	104984 	0 	21 	
1000 	176 	0.098516 	120982 	3000 	25 	
1000 	177 	0.095841 	110983 	0 	22 	
1000 	177 	0.095768 	65990 	1000 	13 	
1000 	177 	0.095584 	114982 	0 	23 	
1000 	178 	0.098227 	88986 	0 	17 	
1000 	178 	0.095569 	72989 	0 	14 	
1000 	178 	0.091761 	87986 	1000 	17 	
1000 	178 	0.096894 	103984 	0 	20 	
1000 	179 	0.096092 	84988 	2000 	17 	
1000 	179 	0.099525 	146977 	0 	29 	
1000 	179 	0.094915 	75988 	1000 	15 	
1000 	180 	0.099427 	100985 	0 	19 	
1000 	180 	0.093112 	110983 	1000 	21 	
1000 	180 	0.098636 	107983 	0 	20 	
1000 	181 	0.098157 	73989 	1000 	14 	
1000 	181 	0.08781 	54991 	0 	10 	
1000 	181 	0.090363 	126981 	0 	24 	
1000 	181 	0.09839 	99984 	1000 	19 	
1000 	182 	0.093608 	98985 	0 	18 	
1000 	182 	0.099938 	102984 	1000 	19 	
1000 	182 	0.098009 	61990 	1000 	11 	
1000 	183 	0.094031 	86987 	0 	16 	
1000 	183 	0.096375 	143978 	0 	27 	
1000 	183 	0.09169 	85987 	1000 	16 	
1000 	184 	0.096689 	63990 	2000 	12 	
1000 	184 	0.096704 	140978 	0 	26 	
1000 	184 	0.098533 	161975 	1000 	30 	
1000 	184 	0.093554 	123982 	1000 	23 	
1000 	185 	0.095679 	93986 	0 	17 	
1000 	185 	0.093409 	124981 	1000 	23 	
1000 	185 	0.093431 	61990 	0 	11 	
1000 	186 	0.098804 	82987 	2000 	15 	
1000 	186 	0.090516 	89986 	1000 	16 	
1000 	186 	0.099333 	71989 	2000 	13 	
1000 	187 	0.094615 	100984 	0 	18 	
1000 	187 	0.096144 	106983 	0 	19 	
1000 	187 	0.098177 	79988 	0 	14 	
1000 	187 	0.099922 	67990 	1000 	12 	
1000 	188 	0.093987 	112983 	0 	20 	
1000 	188 	0.094942 	113983 	0 	20 	
1000 	188 	0.097559 	106984 	1000 	19 	
1000 	189 	0.099634 	130980 	0 	23 	
1000 	189 	0.094844 	84988 	1000 	15 	
1000 	189 	0.096349 	96985 	0 	17 	
1000 	190 	0.099116 	102984 	1000 	18 	
1000 	190 	0.097883 	110984 	0 	19 	
1000 	190 	0.097192 	98985 	1000 	17 	
1000 	190 	0.099413 	103985 	0 	18 	
1000 	191 	0.099917 	97985 	2999 	17 	
1000 	191 	0.098344 	175973 	1000 	30 	
1000 	191 	0.099405 	88986 	999 	15 	
1000 	192 	0.098353 	154976 	1000 	26 	
1000 	192 	0.097577 	84987 	1000 	14 	
1000 	192 	0.094885 	120982 	0 	20 	
1000 	193 	0.095722 	89986 	0 	15 	
1000 	193 	0.097018 	101984 	0 	17 	
1000 	193 	0.099082 	113983 	0 	19 	
1000 	193 	0.095614 	83988 	0 	14 	
1000 	194 	0.094446 	119982 	0 	20 	
1000 	194 	0.097644 	95986 	1000 	16 	
1000 	194 	0.096353 	94986 	2000 	16 	
1000 	195 	0.099117 	122982 	1000 	20 	
1000 	195 	0.08929 	75989 	0 	12 	
1000 	195 	0.096977 	117982 	0 	19 	
1000 	196 	0.099725 	117983 	1000 	19 	
1000 	196 	0.092399 	98985 	1000 	16 	
1000 	196 	0.088059 	111983 	0 	18 	
1000 	196 	0.098878 	148978 	0 	24 	
1000 	197 	0.092617 	125981 	0 	20 	
1000 	197 	0.09122 	75988 	0 	12 	
1000 	197 	0.097255 	143978 	0 	23 	
1000 	198 	0.0982 	87987 	1000 	14 	
1000 	198 	0.096186 	71989 	0 	11 	
1000 	198 	0.097629 	94986 	0 	15 	
1000 	199 	0.092388 	83988 	1000 	13 	
1000 	199 	0.093731 	165975 	0 	26 	
1000 	199 	0.092458 	139979 	1000 	22 	
1000 	199 	0.098126 	144978 	1000 	23 	
1000 	200 	0.098535 	118982 	3000 	19 	
1000 	200 	0.091443 	109983 	0 	17 	
1000 	200 	0.098871 	123981 	2000 	19 	
1000 	201 	0.091532 	79988 	0 	12 	
1000 	201 	0.094861 	114983 	1000 	18 	
