0.290632,
0.226579,
0.183458,
0.156418,
0.140414,
0.129368,
0.120588,
0.112089,
0.103875,
0.096669,
0.091161,
0.087213,
0.084543,
0.082365,
0.080437,
0.078586,
0.076615,
0.074489,
0.071777,
0.068476,
0.064578,
0.060457,
0.056604,
0.053419,
0.051101,
0.049427,
0.048297,
0.047583,
0.047131,
0.046838,
0.046647,
0.046519,
0.046434,
0.046377,
0.046338,
0.046312,
0.046294,
0.046282,
0.046274,
0.046268,
0.046264,
0.046262,
0.046260,
0.046258,
0.046257,
0.046256,
0.046256,
0.046255,
0.046254,
0.046254,
0.046253,
0.046253,
0.046252,
0.046252,
0.046251,
0.046251,
0.046250,
0.046249,
0.046248,
0.046247,
0.046246,
0.046245,
0.046244,
0.046243,
0.046243,
0.046242,
0.046241,
0.046241,
0.046241,
0.046240,
0.046240,
0.046240,
0.046240,
0.046239,
0.046239,
0.046239,
0.046239,
0.046239,
0.046239,
0.046239,
0.046239,
0.046239,
0.046239,
0.046239,
0.046239,
0.046239,
0.046239,
0.046239,
0.046239,
0.046239,
0.046239,
0.046239,
0.046239,
0.046239,
0.046239,
0.046239,
0.046239,
0.046239,
0.046239,
0.046239,
0.046239,
0.046239,
0.046239,
0.046239,
0.046239,
0.046239,
0.046239,
0.046239,
0.046239,
0.046239,
0.046239,
0.046239,
0.046239,
0.046239,
0.046239,
0.046239,
0.046239,
0.046239,
0.046239,
0.046239,
0.046239,
0.046239,
0.046239,
0.046239,
0.046239,
0.046239,
0.046239,
0.046239,
0.046239,
0.046239,
0.046239,
0.046239,
0.046239,
0.046239,
0.046239,
0.046239,
0.046239,
0.046239,
0.046239,
0.046239,
0.046239,
0.046239,
0.046239,
0.046239,
0.046239,
0.046239,
0.046239,
0.046239,
0.046239,
0.046239,
0.046239,
0.046239,
0.046239,
0.046239,
0.046239,
0.046239,
0.046239,
0.046239,
0.046239,
0.046239,
0.046239,
0.046239,
0.046239,
0.046239,
0.046239,
0.046239,
0.046239,
0.046239,
0.046239,
0.046239,
0.046239,
0.046239,
0.046239,
0.046239,
0.046239,
0.046239,
0.046239,
0.046239,
0.046239,
0.046239,
0.046239,
0.046239,
0.046239,
0.046239,
0.046239,
0.046239,
0.046239,
0.046239,
0.046239,
0.046239,
0.046239,
0.046239,
0.046239,
0.046239,
0.046239,
0.046239,
0.046239,
0.046239,
0.046239,
0.046239,
0.046239,
0.046239,
0.046239,
0.046239,
0.046239,
0.046239,
0.046239,
0.046239,
0.046239,
0.046239,
0.046239,
0.046239,
0.046239,
0.046239,
0.046239,
0.046239,
0.046239,
0.046239,
0.046239,
0.046239,
0.046239,
0.046239,
0.046239,
0.046239,
0.046239,
0.046239,
0.046239,
0.046239,
0.046239,
0.046239,
0.046239,
0.046239,
0.046239,
0.046239,
0.046239,
0.046239,
0.046239,
0.046239,
0.046239,
0.046239,
0.046239,
0.046239,
0.046239,
0.046239,
0.046239,
0.046239,
0.046239,
0.046239,
0.046239,
0.046239,
0.046239,
0.046239,
0.046239,
0.046239,
0.046239,
0.046239,
0.046239,
0.046239,
0.046239,
0.046239,
0.046239,
0.046239,
0.046239,
0.046239,
0.046239,
0.046239,
0.046239,
0.046239,
0.046239,
0.046239,
0.046239,
0.046239,
0.046239,
0.046239,
0.046239,
0.046239,
0.046239,
0.046239,
0.046239,
0.046239,
0.046239,
0.046239,
0.046239,
0.046239,
0.046239,
0.046239,
0.046239,
0.046239,
0.046239,
0.046239,
0.046239,
0.046239,
0.046239,
0.046239,
0.046239,
0.046239,
0.046239,
0.046239,
0.046239,
0.046239,
0.046239,
0.046239,
0.046239,
0.046239,
0.046239,
0.046239,
0.046239,
0.046239,
0.046239,
0.046239,
0.046239,
0.046239,
0.046239,
0.046239,
0.046239,
0.046239,
0.046239,
0.046239,
0.046239,
0.046239,
0.046239,
0.046239,
0.046239,
0.046239,
0.046239,
0.046239,
0.046239,
0.046239,
0.046239,
0.046239,
0.046239,
0.046239,
0.046239,
0.046239,
0.046239,
0.046239,
0.046239,
0.046239,
0.046239,
0.046239,
0.046239,
0.046239,
0.046239,
0.046239,
0.046239,
0.046239,
0.046239,
0.046239,
0.046239,
0.046239,
0.046239,
0.046239,
0.046239,
0.046239,
0.046239,
0.046239,
0.046239,
0.046239,
0.046239,
0.046239,
0.046239,
0.046239,
0.046239,
0.046239,
0.046239,
0.046239,
0.046239,
0.046239,
0.046239,
0.046239,
0.046239,
0.046239,
0.046239,
0.046239,
0.046239,
0.046239,
0.046239,
0.046239,
0.046239,
0.046239,
0.046239,
0.046239,
0.046239,
0.046239,
0.046239,
0.046239,
0.046239,
0.046239,
0.046239,
0.046239,
0.046239,
0.046239,
0.046239,
0.046239,
0.046239,
0.046239,
0.046239,
0.046239,
0.046239,
0.046239,
0.046239,
0.046239,
0.046239,
0.046239,
0.046239,
0.046239,
0.046239,
0.046239,
0.046239,
0.046239,
0.046239,
0.046239,
0.046239,
0.046239,
0.046239,
0.046239,
0.046239,
0.046239,
0.046239,
0.046239,
0.046239,
0.046239,
0.046239,
0.046239,
0.046239,
0.046239,
0.046239,
0.046239,
0.046239,
0.046239,
0.046239,
0.046239,
0.046239,
0.046239,
0.046239,
0.046239,
0.046239,
0.046239,
0.046239,
0.046239,
0.046239,
0.046239,
0.046239,
0.046239,
0.046239,
0.046239,
0.046239,
0.046239,
0.046239,
0.046239,
0.046239,
0.046239,
0.046239,
0.046239,
0.046239,
0.046239,
0.046239,
0.046239,
0.046239,
0.046239,
0.046239,
0.046239,
0.046239,
0.046239,
0.046239,
0.046239,
0.046239,
0.046239,
0.046239,
0.046239,
0.046239,
0.046239,
0.046239,
0.046239,
0.046239,
0.046239,
0.046239,
0.046239,
0.046239,
0.046239,
0.046239,
0.046239,
0.046239,
0.046239,
0.046239,
0.046239,
0.046239,
0.046239,
0.046239,
0.046239,
0.046239,
0.046239,
0.046239,
0.046239,
0.046239,
0.046239,
0.046239,
0.046239,
0.046239,
0.046239,
0.046239,
0.046239,
0.046239,
0.046239,
0.046239,
0.046239,
0.046239,
0.046239,
0.046239,
0.046239,
0.046239,
0.046239,
0.046239,
0.046239,
0.046239,
0.046239,
0.046239,
0.046239,
0.046239,
0.046239,
0.046239,
0.046239,
0.046239,
0.046239,
0.046239,
0.046239,
0.046239,
0.046239,
0.046239,
0.046239,
0.046239,
0.046239,
0.046239,
0.046239,
0.046239,
0.046239,
0.046239,
0.046239,
0.046239,
0.046239,
0.046239,
0.046239,
0.046239,
0.046239,
0.046239,
0.046239,
0.046239,
0.046239,
0.046239,
0.046239,
0.046239,
0.046239,
0.046239,
0.046239,
0.046239,
0.046239,
0.046239,
0.046239,
0.046239,
0.046239,
0.046239,
0.046239,
0.046239,
0.046239,
0.046239,
0.046239,
0.046239,
0.046239,
0.046239,
0.046239,
0.046239,
0.046239,
0.046239,
0.046239,
0.046239,
0.046239,
0.046239,
0.046239,
0.046239,
0.046239,
0.046239,
0.046239,
0.046239,
0.046239,
0.046239,
0.046239,
0.046239,
0.046239,
0.046239,
0.046239,
0.046239,
0.046239,
0.046239,
0.046239,
0.046239,
0.046239,
0.046239,
0.046239,
0.046239,
0.046239,
0.046239,
0.046239,
0.046239,
0.046239,
0.046239,
0.046239,
0.046239,
0.046239,
0.046239,
0.046239,
0.046239,
0.046239,
0.046239,
0.046239,
0.046239,
0.046239,
0.046239,
0.046239,
0.046239,
0.046239,
0.046239,
0.046239,
0.046239,
0.046239,
0.046239,
0.046239,
0.046239,
0.046239,
0.046239,
0.046239,
0.046239,
0.046239,
0.046239,
0.046239,
0.046239,
0.046239,
0.046239,
0.046239,
0.046239,
0.046239,
0.046239,
0.046239,
0.046239,
0.046239,
0.046239,
0.046239,
0.046239,
0.046239,
0.046239,
0.046239,
0.046239,
0.046239,
0.046239,
0.046239,
0.046239,
0.046239,
0.046239,
0.046239,
0.046239,
0.046239,
0.046239,
0.046239,
0.046239,
0.046239,
0.046239,
0.046239,
0.046239,
0.046239,
0.046239,
0.046239,
0.046239,
0.046239,
0.046239,
0.046239,
0.046239,
0.046239,
0.046239,
0.046239,
0.046239,
0.046239,
0.046239,
0.046239,
0.046239,
0.046239,
0.046239,
0.046239,
0.046239,
0.046239,
0.046239,
0.046239,
0.046239,
0.046239,
0.046239,
0.046239,
0.046239,
0.046239,
0.046239,
0.046239,
0.046239,
0.046239,
0.046239,
0.046239,
0.046239,
0.046239,
0.046239,
0.046239,
0.046239,
0.046239,
0.046239,
0.046239,
0.046239,
0.046239,
0.046239,
0.046239,
0.046239,
0.046239,
0.046239,
0.046239,
0.046239,
0.046239,
0.046239,
0.046239,
0.046239,
0.046239,
0.046239,
0.046239,
0.046239,
0.046239,
0.046239,
0.046239,
0.046239,
0.046239,
0.046239,
0.046239,
0.046239,
0.046239,
0.046239,
0.046239,
0.046239,
0.046239,
0.046239,
0.046239,
0.046239,
0.046239,
0.046239,
0.046239,
0.046239,
0.046239,
0.046239,
0.046239,
0.046239,
0.046239,
0.046239,
0.046239,
0.046239,
0.046239,
0.046239,
0.046239,
0.046239,
0.046239,
0.046239,
0.046239,
0.046239,
0.046239,
0.046239,
0.046239,
0.046239,
0.046239,
0.046239,
0.046239,
0.046239,
0.046239,
0.046239,
0.046239,
0.046239,
0.046239,
0.046239,
0.046239,
0.046239,
0.046239,
0.046239,
0.046239,
0.046239,
0.046239,
0.046239,
0.046239,
0.046239,
0.046239,
0.046239,
0.046239,
0.046239,
0.046239,
0.046239,
0.046239,
0.046239,
0.046239,
0.046239,
0.046239,
0.046239,
0.046239,
0.046239,
0.046239,
0.046239,
0.046239,
0.046239,
0.046239,
0.046239,
0.046239,
0.046239,
0.046239,
0.046239,
0.046239,
0.046239,
0.046239,
0.046239,
0.046239,
0.046239,
0.046239,
0.046239,
0.046239,
0.046239,
0.046239,
0.046239,
0.046239,
0.046239,
0.046239,
0.046239,
0.046239,
0.046239,
0.046239,
0.046239,
0.046239,
0.046239,
0.046239,
0.046239,
0.046239,
0.046239,
0.046239,
0.046239,
0.046239,
0.046239,
0.046239,
0.046239,
0.046239,
0.046239,
0.046239,
0.046239,
0.046239,
0.046239,
0.046239,
0.046239,
0.046239,
0.046239,
0.046239,
0.046239,
0.046239,
0.046239,
0.046239,
0.046239,
0.046239,
0.046239,
0.046239,
0.046239,
0.046239,
0.046239,
0.046239,
0.046239,
0.046239,
0.046239,
0.046239,
0.046239,
0.046239,
0.046239,
0.046239,
0.046239,
0.046239,
0.046239,
0.046239,
0.046239,
0.046239,
0.046239,
0.046239,
0.046239,
0.046239,
0.046239,
0.046239,
0.046239,
0.046239,
0.046239,
0.046239,
0.046239,
0.046239,
0.046239,
0.046239,
0.046239,
0.046239,
0.046239,
0.046239,
0.046239,
0.046239,
0.046239,
0.046239,
0.046239,
0.046239,
0.046239,
0.046239,
0.046239,
0.046239,
0.046239,
0.046239,
0.046239,
0.046239,
0.046239,
0.046239,
0.046239,
0.046239,
0.046239,
0.046239,
0.046239,
0.046239,
0.046239,
0.046239,
0.046239,
0.046239,
0.046239,
0.046239,
0.046239,
0.046239,
0.046239,
0.046239,
0.046239,
0.046239,
0.046239,
0.046239,
0.046239,
0.046239,
0.046239,
0.046239,
0.046239,
0.046239,
0.046239,
0.046239,
0.046239,
0.046239,
0.046239,
0.046239,
0.046239,
0.046239,
0.046239,
0.046239,
0.046239,
0.046239,
0.046239,
0.046239,
0.046239,
0.046239,
0.046239,
0.046239,
0.046239,
0.046239,
0.046239,
0.046239,
0.046239,
0.046239,
0.046239,
0.046239,
0.046239,
0.046239,
0.046239,
0.046239,
0.046239,
0.046239,
0.046239,
0.046239,
0.046239,
0.046239,
0.046239,
0.046239,
0.046239,
0.046239,
0.046239,
0.046239,
0.046239,
0.046239,
0.046239,
0.046239,
0.046239,
0.046239,
0.046239,
0.046239,
0.046239,
0.046239,
0.046239,
0.046239,
0.046239,
0.046239,
0.046239,
0.046239,
0.046239,
0.046239,
