0.424237
0.340149
0.299098
0.285284
0.262734
0.247298
0.237854
0.231488
0.208576
0.186587
0.167226
0.152414
0.138084
0.119133
0.115314
0.108136
0.103121
0.098674
0.096521
0.090998
0.086130
0.082207
0.075806
0.069679
0.067642
0.065571
0.061448
0.057923
0.055064
0.054785
0.054242
0.053655
0.052563
0.050995
0.050205
0.049941
0.049595
0.049397
0.049057
0.048985
0.048443
0.048305
0.048025
0.047744
0.047591
0.047436
0.047375
0.047296
0.047178
0.047103
0.047012
0.046911
0.046872
0.046819
0.046767
0.046708
0.046681
0.046585
0.046579
0.046555
0.046532
0.046515
0.046507
0.046453
0.046425
0.046404
0.046391
0.046378
0.046372
0.046363
0.046359
0.046351
0.046340
0.046327
0.046319
0.046310
0.046307
0.046306
0.046303
0.046298
0.046298
0.046290
0.046288
0.046285
0.046281
0.046277
0.046276
0.046273
0.046269
0.046269
0.046268
0.046267
0.046267
0.046267
0.046266
0.046266
0.046266
0.046266
0.046265
0.046264
0.046264
0.046263
0.046262
0.046261
0.046260
0.046260
0.046260
0.046259
0.046259
0.046259
0.046258
0.046258
0.046258
0.046257
0.046257
0.046257
0.046256
0.046256
0.046255
0.046255
0.046255
0.046255
0.046254
0.046253
0.046253
0.046253
0.046252
0.046252
0.046252
0.046252
0.046251
0.046251
0.046250
0.046249
0.046249
0.046249
0.046248
0.046248
0.046247
0.046247
0.046247
0.046246
0.046246
0.046246
0.046246
0.046246
0.046245
0.046245
0.046245
0.046245
0.046245
0.046244
0.046244
0.046244
0.046244
0.046244
0.046244
0.046243
0.046243
0.046243
0.046243
0.046243
0.046243
0.046243
0.046243
0.046243
0.046243
0.046243
0.046243
0.046243
0.046243
0.046242
0.046242
0.046242
0.046242
0.046242
0.046242
0.046242
0.046242
0.046242
0.046242
0.046242
0.046242
0.046242
0.046242
0.046242
0.046242
0.046242
0.046242
0.046242
0.046242
0.046242
0.046242
0.046242
0.046242
0.046242
0.046242
0.046242
0.046242
0.046242
0.046242
0.046242
0.046242
0.046242
0.046242
0.046241
0.046241
0.046241
0.046241
0.046241
0.046241
0.046241
0.046241
0.046241
0.046241
0.046241
0.046241
0.046241
0.046241
0.046241
0.046241
0.046241
0.046241
0.046241
0.046241
0.046241
0.046241
0.046241
0.046241
0.046241
0.046241
0.046241
0.046241
0.046241
0.046241
0.046241
0.046241
0.046241
0.046241
0.046241
0.046241
0.046241
0.046241
0.046241
0.046241
0.046241
0.046241
0.046241
0.046241
0.046241
0.046241
0.046241
0.046241
0.046241
0.046241
0.046241
0.046241
0.046241
0.046241
0.046241
0.046241
0.046241
0.046241
0.046241
0.046241
0.046241
0.046241
0.046241
0.046241
0.046241
0.046241
0.046241
0.046241
0.046241
0.046241
0.046241
0.046241
0.046241
0.046241
0.046241
0.046241
0.046241
0.046241
0.046241
0.046241
