# i 	s 	L 		u 	S 	I 	
1000 	1 	nan 	0 	0 	1 	
1000 	1 	nan 	0 	0 	1 	
1000 	1 	nan 	0 	0 	1 	
1000 	1 	nan 	999 	0 	1 	
1000 	2 	0.0 	0 	0 	1 	
1000 	2 	0.0 	0 	0 	1 	
1000 	2 	0.0 	0 	0 	1 	
1000 	3 	0.018714 	0 	0 	1 	
1000 	3 	0.0621 	0 	0 	2 	
1000 	3 	0.064642 	0 	0 	2 	
1000 	4 	0.089556 	0 	0 	19 	
1000 	4 	0.091541 	0 	0 	5 	
1000 	4 	0.067462 	0 	0 	10 	
1000 	4 	0.029421 	0 	0 	6 	
1000 	5 	0.080394 	0 	0 	11 	
1000 	5 	0.082608 	0 	0 	57 	
1000 	5 	0.086864 	0 	0 	9 	
1000 	6 	0.096649 	0 	0 	14 	
1000 	6 	0.097083 	0 	0 	13 	
1000 	6 	0.219836 	6999 	0 	1000 	
1000 	7 	0.094003 	999 	0 	10 	
1000 	7 	0.087482 	0 	0 	9 	
1000 	7 	0.329615 	9999 	0 	1000 	
1000 	7 	0.089286 	0 	0 	18 	
1000 	8 	0.081949 	0 	0 	8 	
1000 	8 	0.077621 	0 	0 	32 	
1000 	8 	0.09411 	1000 	0 	16 	
1000 	9 	0.095562 	1000 	0 	73 	
1000 	9 	0.090995 	0 	0 	5 	
1000 	9 	0.08959 	999 	0 	17 	
1000 	10 	0.099762 	0 	0 	11 	
1000 	10 	0.094354 	0 	0 	17 	
1000 	10 	0.066294 	0 	0 	20 	
1000 	10 	0.096189 	1000 	0 	23 	
1000 	11 	0.337615 	23997 	0 	1000 	
1000 	11 	0.099998 	0 	0 	37 	
1000 	11 	0.077127 	0 	0 	29 	
1000 	12 	0.487488 	28996 	0 	1000 	
1000 	12 	0.087941 	0 	0 	10 	
1000 	12 	0.090031 	1999 	0 	73 	
1000 	13 	0.086949 	1000 	0 	26 	
1000 	13 	0.095187 	0 	0 	22 	
1000 	13 	0.098425 	1000 	0 	39 	
1000 	13 	0.075342 	1000 	0 	29 	
1000 	14 	0.092039 	1000 	0 	22 	
1000 	14 	0.711476 	38994 	0 	1000 	
1000 	14 	0.091531 	1000 	0 	25 	
1000 	15 	0.093835 	1000 	0 	17 	
1000 	15 	0.098998 	3000 	0 	60 	
1000 	15 	0.086781 	1000 	0 	26 	
1000 	16 	0.095179 	999 	0 	12 	
1000 	16 	0.075148 	1000 	0 	12 	
1000 	16 	0.097576 	0 	0 	15 	
1000 	16 	0.098986 	999 	0 	20 	
1000 	17 	0.087297 	1000 	0 	24 	
1000 	17 	0.092193 	1999 	0 	22 	
1000 	17 	0.092563 	4000 	0 	73 	
1000 	18 	0.091181 	2000 	0 	30 	
1000 	18 	0.097055 	3000 	1000 	60 	
1000 	18 	0.091603 	1999 	0 	21 	
1000 	19 	0.084654 	24996 	0 	348 	
1000 	19 	0.098427 	2000 	0 	28 	
1000 	19 	0.089876 	3000 	0 	50 	
1000 	19 	0.085965 	2000 	0 	23 	
1000 	20 	0.099526 	4000 	0 	44 	
1000 	20 	1.402825 	80988 	0 	1000 	
1000 	20 	0.093563 	3999 	0 	47 	
1000 	21 	0.348568 	88987 	0 	1000 	
1000 	21 	0.095645 	2000 	0 	21 	
1000 	21 	0.091354 	1999 	0 	30 	
1000 	22 	0.093651 	3000 	0 	37 	
1000 	22 	0.628008 	97985 	0 	1000 	
1000 	22 	0.094778 	6999 	0 	69 	
1000 	22 	0.082529 	4000 	0 	37 	
1000 	23 	0.095419 	3000 	0 	26 	
1000 	23 	0.097397 	4000 	0 	34 	
1000 	23 	0.094149 	5999 	0 	56 	
1000 	24 	0.09512 	4000 	0 	33 	
1000 	24 	0.094654 	4999 	0 	36 	
1000 	24 	0.09458 	5000 	0 	45 	
1000 	25 	0.067393 	7999 	0 	61 	
1000 	25 	0.097512 	6998 	0 	56 	
1000 	25 	0.094904 	5999 	0 	44 	
1000 	25 	0.086917 	2000 	0 	20 	
1000 	26 	0.093385 	3000 	0 	21 	
1000 	26 	0.090269 	2000 	0 	15 	
1000 	26 	0.097789 	3000 	0 	24 	
1000 	27 	0.086067 	4999 	0 	30 	
1000 	27 	0.09215 	4000 	0 	29 	
1000 	27 	0.093998 	3000 	0 	23 	
1000 	28 	0.079456 	4000 	0 	28 	
1000 	28 	0.094879 	2000 	0 	15 	
1000 	28 	0.09121 	6999 	0 	39 	
1000 	28 	0.093924 	5000 	0 	34 	
1000 	29 	0.098755 	12998 	0 	80 	
1000 	29 	0.087071 	4000 	0 	25 	
1000 	29 	0.09932 	4000 	0 	26 	
1000 	30 	0.610436 	181973 	0 	1000 	
1000 	30 	0.093106 	5999 	0 	32 	
1000 	30 	0.090244 	5999 	0 	33 	
1000 	31 	0.090338 	5999 	0 	30 	
1000 	31 	0.072424 	4999 	0 	28 	
1000 	31 	0.096525 	5999 	0 	27 	
1000 	31 	0.094711 	4999 	0 	27 	
1000 	32 	0.090878 	4999 	0 	24 	
1000 	32 	0.092225 	4999 	0 	21 	
1000 	32 	0.564841 	206969 	0 	1000 	
1000 	33 	0.097988 	35995 	0 	161 	
1000 	33 	0.094162 	5000 	0 	20 	
1000 	33 	0.093554 	11999 	0 	55 	
1000 	34 	0.095127 	9999 	0 	41 	
1000 	34 	0.085036 	5000 	0 	21 	
1000 	34 	0.084275 	6999 	0 	29 	
1000 	34 	0.091348 	8999 	0 	39 	
1000 	35 	0.090906 	5999 	0 	22 	
1000 	35 	0.087546 	4999 	0 	20 	
1000 	35 	0.098205 	8999 	0 	32 	
1000 	36 	0.986956 	269959 	1000 	1000 	
1000 	36 	0.087505 	4999 	0 	18 	
1000 	36 	0.727826 	266960 	0 	1000 	
1000 	37 	0.089292 	23997 	0 	86 	
1000 	37 	0.088147 	6999 	0 	26 	
1000 	37 	0.099341 	9999 	0 	35 	
1000 	37 	0.089532 	4000 	0 	17 	
1000 	38 	0.092015 	9999 	0 	32 	
1000 	38 	0.095546 	5999 	0 	20 	
1000 	38 	0.096851 	12998 	0 	45 	
1000 	39 	0.088802 	24996 	0 	81 	
1000 	39 	0.094972 	10998 	0 	34 	
1000 	39 	0.091662 	6999 	0 	21 	
1000 	40 	0.096734 	22997 	0 	67 	
1000 	40 	0.094927 	19997 	0 	57 	
1000 	40 	0.097763 	16997 	0 	49 	
1000 	40 	0.097056 	22997 	0 	66 	
1000 	41 	0.864488 	343948 	0 	1000 	
1000 	41 	0.085076 	8999 	1000 	27 	
1000 	41 	0.096528 	20997 	0 	61 	
1000 	42 	0.085487 	20997 	0 	58 	
1000 	42 	0.097768 	30995 	0 	87 	
1000 	42 	0.097304 	8999 	0 	28 	
1000 	43 	0.095581 	18997 	0 	50 	
1000 	43 	0.091907 	9999 	0 	24 	
1000 	43 	0.09686 	29996 	0 	78 	
1000 	43 	0.094297 	18997 	0 	50 	
1000 	44 	0.094066 	5999 	0 	16 	
1000 	44 	0.456055 	409938 	0 	1000 	
1000 	44 	0.091957 	16997 	0 	42 	
1000 	45 	0.090619 	9999 	0 	23 	
1000 	45 	0.086481 	8999 	0 	21 	
1000 	45 	0.097562 	20997 	0 	50 	
1000 	46 	0.099006 	20997 	0 	48 	
1000 	46 	0.097937 	9999 	0 	22 	
1000 	46 	0.094836 	63990 	0 	149 	
1000 	46 	0.089877 	12998 	0 	29 	
1000 	47 	0.09433 	20997 	0 	44 	
1000 	47 	0.086452 	29996 	0 	66 	
1000 	47 	0.095193 	22996 	0 	50 	
1000 	48 	0.098781 	18997 	0 	39 	
1000 	48 	0.095811 	27996 	0 	57 	
1000 	48 	0.099487 	11998 	0 	25 	
1000 	49 	0.098692 	17997 	0 	36 	
1000 	49 	0.097649 	34995 	0 	69 	
1000 	49 	0.093573 	35995 	0 	72 	
1000 	49 	0.095763 	25996 	0 	54 	
1000 	50 	0.090634 	19997 	1000 	39 	
1000 	50 	0.095095 	15997 	0 	31 	
1000 	50 	0.096378 	11998 	0 	24 	
1000 	51 	0.094949 	41994 	0 	78 	
1000 	51 	0.098678 	17997 	1000 	34 	
1000 	51 	0.09494 	36994 	0 	70 	
1000 	52 	0.094964 	29995 	0 	53 	
1000 	52 	0.088878 	28996 	0 	50 	
1000 	52 	0.093593 	53992 	1000 	99 	
1000 	52 	0.097969 	34995 	0 	63 	
1000 	53 	0.098402 	24996 	1000 	44 	
1000 	53 	0.090945 	23996 	0 	39 	
1000 	53 	0.092415 	14998 	0 	27 	
1000 	54 	0.099438 	15997 	1000 	28 	
1000 	54 	0.098302 	81987 	0 	135 	
1000 	54 	0.096109 	22997 	1000 	39 	
1000 	55 	0.089105 	35994 	0 	57 	
1000 	55 	0.09792 	29995 	0 	48 	
1000 	55 	0.098663 	30995 	1000 	51 	
1000 	55 	0.098397 	21996 	0 	36 	
1000 	56 	0.097452 	20997 	0 	31 	
1000 	56 	0.096182 	30995 	0 	47 	
1000 	56 	0.097186 	34995 	0 	53 	
1000 	57 	0.089907 	58991 	0 	88 	
1000 	57 	0.095828 	116982 	0 	173 	
1000 	57 	0.841835 	673897 	0 	1000 	
1000 	58 	0.097642 	19997 	0 	28 	
1000 	58 	0.09279 	315952 	1000 	469 	
1000 	58 	0.09086 	18997 	0 	31 	
1000 	58 	0.098715 	15997 	0 	24 	
1000 	59 	0.096529 	15997 	0 	24 	
1000 	59 	0.094564 	21997 	0 	33 	
1000 	59 	0.090231 	21996 	0 	35 	
1000 	60 	0.291785 	700893 	0 	1000 	
1000 	60 	0.083343 	35994 	0 	53 	
1000 	60 	0.098133 	47993 	0 	71 	
1000 	61 	0.096079 	25996 	0 	37 	
1000 	61 	0.091594 	25996 	0 	38 	
1000 	61 	0.093065 	38994 	0 	55 	
1000 	61 	0.092747 	22996 	0 	32 	
1000 	62 	0.094872 	72989 	0 	100 	
1000 	62 	0.096056 	15997 	0 	21 	
1000 	62 	0.097477 	37994 	0 	53 	
1000 	63 	0.089922 	30995 	0 	41 	
1000 	63 	0.086158 	110983 	0 	151 	
1000 	63 	0.088435 	64990 	0 	87 	
1000 	64 	0.092282 	19997 	0 	30 	
1000 	64 	0.099479 	21997 	0 	33 	
1000 	64 	0.09696 	240963 	0 	341 	
1000 	64 	0.095411 	34994 	1000 	49 	
1000 	65 	0.093419 	24996 	0 	34 	
1000 	65 	0.09505 	24996 	0 	35 	
1000 	65 	0.087277 	23996 	0 	33 	
1000 	66 	0.089545 	22996 	999 	33 	
1000 	66 	0.099556 	95985 	0 	131 	
1000 	66 	0.09454 	31995 	0 	43 	
1000 	67 	0.089255 	20997 	1000 	28 	
1000 	67 	0.093876 	28995 	0 	37 	
1000 	67 	0.095542 	23996 	0 	31 	
1000 	67 	0.078497 	25996 	0 	33 	
1000 	68 	0.096996 	125981 	0 	158 	
1000 	68 	0.089914 	19997 	0 	25 	
1000 	68 	0.098859 	25996 	1000 	34 	
1000 	69 	0.096715 	42993 	0 	53 	
1000 	69 	0.09273 	55991 	0 	68 	
1000 	69 	0.095745 	25996 	0 	32 	
1000 	70 	0.098433 	36994 	0 	44 	
1000 	70 	0.09187 	14997 	0 	17 	
1000 	70 	0.099175 	54991 	0 	67 	
1000 	70 	0.088562 	72989 	0 	86 	
1000 	71 	0.094423 	40994 	0 	48 	
1000 	71 	0.095462 	56991 	0 	65 	
1000 	71 	0.098903 	60990 	0 	65 	
1000 	72 	0.098674 	31995 	0 	33 	
1000 	72 	0.0946 	75988 	0 	79 	
1000 	72 	0.094136 	29995 	0 	31 	
1000 	73 	0.092334 	34994 	0 	35 	
1000 	73 	0.098182 	48992 	0 	48 	
1000 	73 	0.096281 	39994 	0 	40 	
1000 	73 	0.098051 	56991 	0 	58 	
1000 	74 	0.092114 	130980 	0 	129 	
1000 	74 	0.091918 	55992 	1000 	56 	
1000 	74 	0.098318 	22996 	1000 	23 	
1000 	75 	0.094601 	52992 	0 	45 	
1000 	75 	0.096294 	102985 	0 	88 	
1000 	75 	0.099199 	58991 	0 	50 	
1000 	76 	0.094851 	42993 	0 	35 	
1000 	76 	0.090405 	73988 	1000 	62 	
1000 	76 	0.098954 	50993 	0 	42 	
1000 	76 	0.08992 	91986 	0 	76 	
1000 	77 	0.089653 	49992 	0 	40 	
1000 	77 	0.095304 	45993 	0 	37 	
1000 	77 	0.379812 	1222814 	0 	1000 	
1000 	78 	0.096955 	31995 	0 	25 	
1000 	78 	0.091524 	62991 	0 	49 	
1000 	78 	0.097122 	51993 	0 	41 	
1000 	79 	0.095027 	43994 	1000 	34 	
1000 	79 	0.095271 	41993 	0 	32 	
1000 	79 	0.08745 	42993 	0 	33 	
1000 	79 	0.090779 	374943 	0 	305 	
1000 	80 	0.096438 	84988 	0 	70 	
1000 	80 	0.096023 	52992 	0 	43 	
1000 	80 	0.099901 	35994 	0 	29 	
1000 	81 	0.089169 	36995 	1000 	30 	
1000 	81 	0.095359 	64990 	0 	52 	
1000 	81 	0.091999 	48992 	1000 	40 	
1000 	82 	0.098611 	57992 	0 	46 	
1000 	82 	0.089173 	250962 	0 	200 	
1000 	82 	0.092544 	49993 	0 	39 	
1000 	82 	0.097285 	64991 	1000 	52 	
1000 	83 	0.093134 	41994 	0 	32 	
1000 	83 	0.095433 	119981 	0 	89 	
1000 	83 	0.093909 	46993 	0 	36 	
1000 	84 	0.088654 	90987 	0 	68 	
1000 	84 	0.092636 	50993 	0 	38 	
1000 	84 	0.087601 	43994 	0 	33 	
1000 	85 	0.095756 	58991 	0 	43 	
1000 	85 	0.097284 	79988 	1000 	66 	
1000 	85 	0.091186 	51992 	0 	42 	
1000 	85 	0.098639 	55992 	999 	46 	
1000 	86 	0.098024 	110984 	1000 	89 	
1000 	86 	0.09324 	78988 	0 	63 	
1000 	86 	0.093565 	60990 	0 	48 	
1000 	87 	0.094463 	48993 	0 	38 	
1000 	87 	0.096172 	61991 	0 	48 	
1000 	87 	0.095271 	78988 	0 	61 	
1000 	88 	0.097183 	68990 	0 	50 	
1000 	88 	0.095892 	52992 	0 	40 	
1000 	88 	0.099566 	86987 	0 	65 	
1000 	88 	0.095653 	96986 	0 	73 	
1000 	89 	0.096142 	84987 	0 	63 	
1000 	89 	0.098612 	93985 	0 	69 	
1000 	89 	0.095653 	199970 	0 	148 	
1000 	90 	0.096071 	65990 	0 	48 	
1000 	90 	0.094822 	55992 	0 	44 	
1000 	90 	0.087774 	47993 	0 	38 	
1000 	91 	0.097384 	114982 	1000 	89 	
1000 	91 	0.092849 	115983 	0 	88 	
1000 	91 	0.09998 	65990 	0 	50 	
1000 	91 	0.096747 	51992 	0 	40 	
1000 	92 	0.090727 	58991 	0 	44 	
1000 	92 	0.097951 	114983 	0 	86 	
1000 	92 	0.097878 	80988 	0 	60 	
1000 	93 	0.09559 	119981 	0 	89 	
1000 	93 	0.091591 	95986 	0 	71 	
1000 	93 	0.091014 	115983 	0 	86 	
1000 	94 	0.095822 	51992 	0 	37 	
1000 	94 	0.088406 	126981 	0 	92 	
1000 	94 	0.088509 	89987 	0 	65 	
1000 	94 	0.094204 	57992 	0 	42 	
1000 	95 	0.091329 	41994 	0 	30 	
1000 	95 	0.099175 	121982 	0 	85 	
1000 	95 	0.094931 	62991 	0 	45 	
1000 	96 	0.088929 	67990 	0 	47 	
1000 	96 	0.099739 	117983 	1000 	82 	
1000 	96 	0.098972 	36995 	1000 	26 	
1000 	97 	0.096714 	75989 	0 	52 	
1000 	97 	0.090569 	67990 	999 	47 	
1000 	97 	0.093696 	145978 	0 	100 	
1000 	97 	0.095954 	124981 	1999 	84 	
1000 	98 	0.096898 	111983 	0 	75 	
1000 	98 	0.099502 	163975 	0 	111 	
1000 	98 	0.097955 	92986 	0 	63 	
1000 	99 	0.095549 	73989 	0 	49 	
1000 	99 	0.097237 	39994 	0 	26 	
1000 	99 	0.095012 	56992 	0 	37 	
1000 	100 	0.096502 	59991 	0 	38 	
1000 	100 	0.098371 	141979 	0 	90 	
1000 	100 	0.096472 	51992 	0 	33 	
1000 	100 	0.096087 	90987 	0 	58 	
1000 	101 	0.099938 	57991 	1000 	37 	
1000 	101 	0.09836 	78988 	0 	50 	
1000 	101 	0.097386 	112983 	0 	72 	
1000 	102 	0.096976 	78988 	0 	49 	
1000 	102 	0.099376 	149978 	0 	90 	
1000 	102 	0.091119 	68989 	1000 	43 	
1000 	103 	0.09585 	83987 	0 	51 	
1000 	103 	0.097897 	102984 	0 	62 	
1000 	103 	0.091166 	65990 	0 	40 	
1000 	103 	0.090712 	63991 	0 	38 	
1000 	104 	0.091124 	49993 	0 	29 	
1000 	104 	0.09507 	74989 	0 	44 	
1000 	104 	0.268972 	1733737 	1000 	1000 	
1000 	105 	0.092779 	129980 	0 	75 	
1000 	105 	0.098318 	170974 	0 	97 	
1000 	105 	0.09923 	73989 	0 	43 	
1000 	106 	0.096401 	64990 	0 	37 	
1000 	106 	0.094555 	126981 	1000 	74 	
1000 	106 	0.099828 	102984 	0 	59 	
1000 	106 	0.098649 	79988 	0 	46 	
1000 	107 	0.096509 	75989 	1000 	43 	
1000 	107 	0.092538 	103984 	1000 	58 	
1000 	107 	0.091563 	71989 	0 	40 	
1000 	108 	0.095762 	69989 	0 	38 	
1000 	108 	0.093656 	79988 	0 	44 	
1000 	108 	0.096222 	61991 	1000 	34 	
1000 	109 	0.091654 	65990 	1000 	36 	
1000 	109 	0.092572 	79988 	0 	43 	
1000 	109 	0.097925 	66990 	0 	36 	
1000 	109 	0.089004 	73989 	0 	40 	
1000 	110 	0.09502 	142978 	0 	74 	
1000 	110 	0.094779 	90986 	0 	48 	
1000 	110 	0.088103 	65990 	1000 	35 	
1000 	111 	0.098646 	85987 	1000 	45 	
1000 	111 	0.097175 	73989 	0 	39 	
1000 	111 	0.097286 	69989 	1000 	37 	
1000 	112 	0.088511 	91986 	0 	47 	
1000 	112 	0.097766 	99985 	0 	51 	
1000 	112 	0.094322 	78988 	1000 	40 	
1000 	112 	0.091075 	68990 	0 	35 	
1000 	113 	0.096609 	94986 	0 	47 	
1000 	113 	0.097268 	100984 	1000 	51 	
1000 	113 	0.098957 	112983 	0 	56 	
1000 	114 	0.0934 	62990 	0 	31 	
1000 	114 	0.094456 	109984 	999 	55 	
1000 	114 	0.09293 	102984 	0 	51 	
1000 	115 	0.094695 	94986 	0 	44 	
1000 	115 	0.098943 	98985 	0 	48 	
1000 	115 	0.094565 	175973 	2000 	86 	
1000 	115 	0.099462 	114983 	0 	56 	
1000 	116 	0.091115 	110983 	0 	53 	
1000 	116 	0.09277 	125981 	0 	60 	
1000 	116 	0.091851 	207968 	0 	99 	
1000 	117 	0.098167 	107984 	0 	50 	
1000 	117 	0.0891 	128981 	0 	60 	
1000 	117 	0.095247 	130980 	1000 	61 	
1000 	118 	0.097853 	74988 	0 	34 	
1000 	118 	0.095173 	93986 	0 	43 	
1000 	118 	0.093877 	131980 	0 	59 	
1000 	118 	0.094099 	82987 	0 	38 	
1000 	119 	0.097755 	101984 	1000 	46 	
1000 	119 	0.094562 	67990 	0 	30 	
1000 	119 	0.095686 	162975 	0 	74 	
1000 	120 	0.095784 	190971 	1000 	85 	
1000 	120 	0.093285 	90986 	0 	40 	
1000 	120 	0.094046 	123981 	0 	55 	
1000 	121 	0.093025 	140978 	0 	62 	
1000 	121 	0.099754 	61990 	1000 	27 	
1000 	121 	0.099199 	107984 	0 	47 	
1000 	121 	0.087338 	691895 	0 	304 	
1000 	122 	0.098694 	117982 	0 	51 	
1000 	122 	0.098297 	414937 	1000 	181 	
1000 	122 	0.098744 	170974 	0 	74 	
1000 	123 	0.092332 	180972 	0 	77 	
1000 	123 	0.099763 	103984 	0 	44 	
1000 	123 	0.094906 	222966 	0 	95 	
1000 	124 	0.099411 	73989 	0 	30 	
1000 	124 	0.096997 	120981 	0 	50 	
1000 	124 	0.09391 	114982 	1000 	48 	
1000 	124 	0.09823 	149977 	0 	62 	
1000 	125 	0.087865 	77988 	0 	32 	
1000 	125 	0.090025 	97985 	0 	40 	
1000 	125 	0.097763 	175974 	0 	72 	
1000 	126 	0.089785 	110983 	1000 	45 	
1000 	126 	0.091285 	133979 	0 	53 	
1000 	126 	0.094088 	108983 	1000 	44 	
1000 	127 	0.097171 	154977 	0 	62 	
1000 	127 	0.097411 	149977 	0 	60 	
1000 	127 	0.097443 	235964 	0 	93 	
1000 	127 	0.095075 	176973 	0 	71 	
1000 	128 	0.096217 	73988 	0 	28 	
1000 	128 	0.094817 	126981 	0 	49 	
1000 	128 	0.091492 	98985 	999 	38 	
1000 	129 	0.095495 	208969 	1000 	81 	
1000 	129 	0.098498 	148977 	0 	56 	
1000 	129 	0.097128 	131980 	1000 	51 	
1000 	130 	0.098122 	247962 	0 	94 	
1000 	130 	0.090249 	423936 	1000 	162 	
1000 	130 	0.093344 	254961 	1000 	97 	
1000 	130 	0.094579 	103984 	0 	39 	
1000 	131 	0.09413 	92985 	1000 	35 	
1000 	131 	0.090156 	208968 	0 	75 	
1000 	131 	0.09387 	222966 	0 	84 	
1000 	132 	0.098407 	186972 	0 	68 	
1000 	132 	0.094829 	182973 	0 	67 	
1000 	132 	0.098024 	172974 	0 	63 	
1000 	133 	0.099329 	109983 	1000 	40 	
1000 	133 	0.099559 	148978 	1000 	54 	
1000 	133 	0.095906 	167975 	1000 	61 	
1000 	133 	0.094899 	154977 	0 	56 	
1000 	134 	0.094098 	117982 	1000 	42 	
1000 	134 	0.094122 	164975 	1000 	58 	
1000 	134 	0.099711 	170974 	1000 	61 	
1000 	135 	0.091024 	128981 	0 	45 	
1000 	135 	0.0938 	226966 	0 	77 	
1000 	135 	0.091603 	98985 	2000 	35 	
1000 	136 	0.096109 	122981 	0 	42 	
1000 	136 	0.093957 	113983 	0 	39 	
1000 	136 	0.095863 	301954 	0 	105 	
1000 	136 	0.09089 	675897 	1000 	229 	
1000 	137 	0.096128 	152976 	0 	52 	
1000 	137 	0.095779 	107984 	0 	35 	
1000 	137 	0.086867 	146978 	0 	50 	
1000 	138 	0.09457 	108984 	1000 	36 	
1000 	138 	0.099587 	112983 	0 	38 	
1000 	138 	0.097297 	174973 	0 	59 	
1000 	139 	0.098001 	135979 	0 	45 	
1000 	139 	0.095922 	159976 	1000 	52 	
1000 	139 	0.097467 	195970 	0 	65 	
1000 	139 	0.095809 	151977 	0 	50 	
1000 	140 	0.093305 	96985 	0 	31 	
1000 	140 	0.097966 	346947 	0 	110 	
1000 	140 	0.095842 	104984 	0 	34 	
1000 	141 	0.093343 	120982 	0 	39 	
1000 	141 	0.097981 	161975 	2000 	53 	
1000 	141 	0.097317 	105984 	0 	34 	
1000 	142 	0.096337 	166975 	0 	50 	
1000 	142 	0.097538 	163975 	0 	51 	
1000 	142 	0.09789 	634903 	1000 	199 	
1000 	142 	0.095586 	203969 	1000 	64 	
1000 	143 	0.09118 	196970 	1000 	61 	
1000 	143 	0.099342 	167975 	0 	52 	
1000 	143 	0.095624 	117983 	0 	36 	
1000 	144 	0.098984 	298955 	0 	92 	
1000 	144 	0.097039 	172974 	0 	53 	
1000 	144 	0.095008 	325950 	2000 	101 	
1000 	145 	0.094314 	486926 	0 	140 	
1000 	145 	0.096244 	120982 	0 	36 	
1000 	145 	0.098974 	325950 	0 	98 	
1000 	145 	0.093961 	173973 	0 	52 	
1000 	146 	0.099645 	186972 	0 	56 	
1000 	146 	0.096557 	436933 	0 	130 	
1000 	146 	0.098377 	133980 	0 	40 	
1000 	147 	0.099107 	296955 	1000 	89 	
1000 	147 	0.091575 	201969 	0 	60 	
1000 	147 	0.09469 	159976 	0 	45 	
1000 	148 	0.095951 	158975 	0 	46 	
1000 	148 	0.095478 	230965 	0 	67 	
1000 	148 	0.095992 	198970 	0 	58 	
1000 	148 	0.088814 	124981 	0 	36 	
1000 	149 	0.096805 	283957 	1000 	81 	
1000 	149 	0.099959 	161975 	1000 	46 	
1000 	149 	0.0961 	210968 	999 	60 	
1000 	150 	0.099798 	217967 	0 	62 	
1000 	150 	0.096974 	173973 	0 	49 	
1000 	150 	0.096802 	229965 	0 	65 	
1000 	151 	0.097026 	211968 	0 	59 	
1000 	151 	0.091598 	111983 	0 	31 	
1000 	151 	0.09991 	178973 	0 	50 	
1000 	151 	0.098231 	207969 	0 	58 	
1000 	152 	0.093219 	123981 	1000 	34 	
1000 	152 	0.099136 	473928 	1000 	130 	
1000 	152 	0.096214 	350946 	0 	97 	
1000 	153 	0.09475 	131980 	0 	36 	
1000 	153 	0.094132 	134979 	0 	35 	
1000 	153 	0.096568 	319951 	0 	86 	
1000 	154 	0.096295 	132980 	1000 	36 	
1000 	154 	0.096429 	339948 	0 	92 	
1000 	154 	0.094643 	118982 	0 	32 	
1000 	154 	0.095146 	122982 	0 	33 	
1000 	155 	0.098128 	168975 	0 	45 	
1000 	155 	0.096374 	135979 	0 	36 	
1000 	155 	0.099947 	143978 	0 	38 	
1000 	156 	0.095059 	218966 	0 	56 	
1000 	156 	0.099422 	137979 	2999 	36 	
1000 	156 	0.096649 	156976 	1000 	40 	
1000 	157 	0.097125 	210968 	1000 	55 	
1000 	157 	0.096052 	191970 	1000 	50 	
1000 	157 	0.096728 	210968 	0 	55 	
1000 	157 	0.097201 	328950 	0 	86 	
1000 	158 	0.099335 	214967 	0 	55 	
1000 	158 	0.096132 	240963 	1000 	62 	
1000 	158 	0.094294 	267959 	1999 	69 	
1000 	159 	0.096573 	224966 	2999 	58 	
1000 	159 	0.090647 	299954 	1999 	77 	
1000 	159 	0.097886 	249962 	1000 	64 	
1000 	160 	0.096464 	132980 	2000 	33 	
1000 	160 	0.093115 	734888 	0 	181 	
1000 	160 	0.097175 	324950 	0 	80 	
1000 	160 	0.093416 	233965 	0 	58 	
1000 	161 	0.094211 	202969 	0 	50 	
1000 	161 	0.098548 	106984 	0 	26 	
1000 	161 	0.09528 	235965 	0 	58 	
1000 	162 	0.09213 	140978 	0 	34 	
1000 	162 	0.097514 	177973 	2000 	43 	
1000 	162 	0.095135 	181972 	0 	44 	
1000 	163 	0.099742 	261960 	0 	63 	
1000 	163 	0.091083 	137979 	0 	33 	
1000 	163 	0.09464 	211968 	0 	51 	
1000 	163 	0.093528 	215967 	0 	52 	
1000 	164 	0.096906 	166975 	0 	39 	
1000 	164 	0.09662 	372944 	0 	83 	
1000 	164 	0.099259 	341948 	1000 	81 	
1000 	165 	0.092563 	415937 	1000 	98 	
1000 	165 	0.094467 	336949 	0 	79 	
1000 	165 	0.094601 	250962 	999 	59 	
1000 	166 	0.099807 	252962 	999 	58 	
1000 	166 	0.099886 	218967 	0 	50 	
1000 	166 	0.097265 	252962 	1000 	58 	
1000 	166 	0.09532 	253961 	0 	58 	
1000 	167 	0.097269 	167975 	0 	38 	
1000 	167 	0.097209 	175973 	1000 	40 	
1000 	167 	0.096318 	209968 	2000 	48 	
1000 	168 	0.096225 	280957 	0 	59 	
1000 	168 	0.091231 	198970 	0 	44 	
1000 	168 	0.094683 	515922 	1000 	115 	
1000 	169 	0.098759 	204969 	0 	44 	
1000 	169 	0.090634 	1158824 	1000 	256 	
1000 	169 	0.098394 	337948 	0 	73 	
1000 	169 	0.099417 	225966 	2999 	50 	
1000 	170 	0.094196 	382942 	999 	85 	
1000 	170 	0.093119 	270959 	0 	60 	
1000 	170 	0.097138 	179973 	1000 	40 	
1000 	171 	0.09217 	234964 	0 	51 	
1000 	171 	0.095994 	221967 	0 	47 	
1000 	171 	0.092732 	289956 	0 	63 	
1000 	172 	0.09779 	275958 	0 	59 	
1000 	172 	0.09942 	386941 	1000 	83 	
1000 	172 	0.09419 	395940 	1000 	85 	
1000 	172 	0.099723 	234964 	0 	50 	
1000 	173 	0.098745 	185971 	2000 	40 	
1000 	173 	0.091243 	232964 	1000 	50 	
1000 	173 	0.099286 	832873 	1000 	176 	
1000 	174 	0.099536 	239963 	0 	50 	
1000 	174 	0.096856 	302954 	1000 	64 	
1000 	174 	0.093712 	379943 	1000 	80 	
1000 	175 	0.093522 	352947 	1000 	74 	
1000 	175 	0.095267 	212967 	0 	42 	
1000 	175 	0.095845 	351947 	2000 	74 	
1000 	175 	0.095286 	308953 	1000 	65 	
1000 	176 	0.09864 	286956 	0 	59 	
1000 	176 	0.096167 	190971 	0 	39 	
1000 	176 	0.094587 	205969 	0 	42 	
1000 	177 	0.09587 	337949 	2000 	69 	
1000 	177 	0.093122 	319951 	999 	65 	
1000 	177 	0.096738 	178972 	1000 	36 	
1000 	178 	0.09294 	307954 	1000 	61 	
1000 	178 	0.094859 	308953 	0 	61 	
1000 	178 	0.092371 	290956 	1000 	55 	
1000 	178 	0.099308 	338948 	1000 	67 	
1000 	179 	0.099994 	263960 	0 	51 	
1000 	179 	0.099913 	169975 	0 	34 	
1000 	179 	0.099681 	202970 	2000 	41 	
1000 	180 	0.093825 	366944 	0 	70 	
1000 	180 	0.098322 	282957 	0 	53 	
1000 	180 	0.097118 	202969 	2000 	39 	
1000 	181 	0.097413 	322951 	1000 	62 	
1000 	181 	0.094497 	554915 	0 	107 	
1000 	181 	0.095847 	260960 	1000 	50 	
1000 	181 	0.092618 	240964 	0 	46 	
1000 	182 	0.096746 	170974 	2000 	32 	
1000 	182 	0.09605 	719890 	1000 	131 	
1000 	182 	0.096505 	235964 	1000 	44 	
1000 	183 	0.097568 	278958 	2000 	53 	
1000 	183 	0.099468 	616907 	1000 	118 	
1000 	183 	0.093886 	352946 	0 	67 	
1000 	184 	0.098455 	323951 	1000 	61 	
1000 	184 	0.097527 	308953 	0 	58 	
1000 	184 	0.096375 	624905 	0 	118 	
1000 	184 	0.095779 	180973 	1000 	34 	
1000 	185 	0.094241 	216967 	1000 	40 	
1000 	185 	0.097634 	260960 	2000 	49 	
1000 	185 	0.09822 	541917 	2000 	100 	
1000 	186 	0.094372 	373943 	0 	68 	
1000 	186 	0.095263 	236964 	1000 	43 	
1000 	186 	0.094873 	224966 	1000 	41 	
1000 	187 	0.099417 	256961 	1000 	47 	
1000 	187 	0.09693 	258961 	0 	47 	
1000 	187 	0.098518 	285956 	0 	52 	
1000 	187 	0.09262 	469929 	0 	86 	
1000 	188 	0.096123 	436933 	1000 	79 	
1000 	188 	0.094275 	321951 	1000 	58 	
1000 	188 	0.096618 	378943 	0 	68 	
1000 	189 	0.095035 	242963 	1000 	40 	
1000 	189 	0.092583 	378943 	0 	67 	
1000 	189 	0.091099 	243963 	0 	42 	
1000 	190 	0.097952 	463930 	0 	79 	
1000 	190 	0.094626 	363945 	3000 	63 	
1000 	190 	0.097012 	307954 	0 	54 	
1000 	190 	0.099051 	462930 	0 	82 	
1000 	191 	0.0971 	325951 	0 	56 	
1000 	191 	0.099246 	256961 	0 	44 	
1000 	191 	0.099321 	467929 	1000 	81 	
1000 	192 	0.095746 	238964 	0 	40 	
1000 	192 	0.099073 	403939 	0 	68 	
1000 	192 	0.099572 	285957 	0 	48 	
1000 	193 	0.099583 	662900 	0 	107 	
1000 	193 	0.097879 	645902 	0 	111 	
1000 	193 	0.098967 	210968 	2000 	36 	
1000 	193 	0.09861 	240963 	0 	41 	
1000 	194 	0.097569 	466929 	1000 	75 	
1000 	194 	0.099596 	716891 	0 	122 	
1000 	194 	0.092619 	282957 	1000 	48 	
1000 	195 	0.0969 	346947 	0 	56 	
1000 	195 	0.09641 	358946 	999 	58 	
1000 	195 	0.095174 	544917 	1000 	90 	
1000 	196 	0.098474 	450931 	999 	74 	
1000 	196 	0.098498 	274958 	0 	43 	
1000 	196 	0.095865 	394940 	0 	61 	
1000 	196 	0.099731 	308953 	1000 	48 	
1000 	197 	0.090295 	301954 	0 	47 	
1000 	197 	0.094272 	305953 	0 	48 	
1000 	197 	0.088884 	495925 	1000 	76 	
1000 	198 	0.090751 	370944 	3000 	59 	
1000 	198 	0.098469 	293955 	1000 	46 	
1000 	198 	0.096976 	437933 	0 	70 	
1000 	199 	0.097475 	303954 	2999 	48 	
1000 	199 	0.095584 	408938 	2000 	63 	
1000 	199 	0.095768 	504923 	0 	77 	
1000 	199 	0.094973 	355946 	2000 	57 	
